2.653486,8.449481,5.763790
8.613218,6.640072,9.383531
-0.397953,12.406509,15.682908
-5.778786,5.844168,4.215833
4.598047,11.361606,6.012938
-4.072249,5.498274,8.893941
1.254831,10.398917,-2.021268
0.755900,8.669472,9.154170
1.093191,7.714484,13.963347
2.209401,14.626329,12.075147
-0.831739,11.047772,5.894086
0.416340,8.367677,6.655022
8.136255,5.756543,16.169995
1.851596,2.883307,11.137640
2.583891,12.780811,16.470043
3.805637,4.805325,8.236545
-1.490013,6.539343,6.944006
1.351567,7.621491,7.384844
-4.707887,6.688049,7.037312
0.458413,4.353093,5.691837
8.122645,9.285346,19.246604
4.437857,-0.740227,11.018159
1.331563,13.357954,13.046025
12.890568,10.601063,12.800376
5.074884,10.281593,15.741946
0.948911,-3.023366,18.071459
3.432983,5.946734,5.401060
5.042499,5.204465,20.922471
6.497730,-1.309482,17.323981
-7.505816,3.201509,3.532628
4.336493,-6.023712,8.691545
-1.180346,5.793307,11.009428
4.942412,9.374175,10.028682
10.117085,6.743224,13.005155
4.421923,3.246608,6.252669
-4.520790,4.823969,11.985247
-10.170659,10.030547,15.165711
-0.319994,8.302263,9.481832
-1.286563,1.859738,5.325055
-5.519702,7.263081,11.936982
8.263344,6.225196,8.086766
9.223971,5.122289,8.436296
-1.710512,10.792559,8.474184
-3.805232,6.301953,15.151236
2.029684,8.215791,9.948988
6.947325,4.034270,12.328184
2.307700,9.936461,17.307059
-3.908876,4.971648,6.996410
4.176057,8.546646,18.738174
6.189714,8.564497,6.469905
7.163409,7.730608,10.817859
-2.768059,13.734267,6.968709
5.648325,1.965680,17.095763
1.751817,0.267959,8.974333
-4.579341,5.262786,7.177604
-0.319780,2.537909,8.702066
3.232255,2.509217,7.300761
3.017883,11.797906,13.947082
-1.087218,3.896337,8.980226
0.595776,10.414401,10.269189
4.750768,3.819355,6.240673
-3.650300,1.560193,7.420576
6.961511,10.655266,16.881964
2.312317,7.798365,13.028206
-0.744779,5.387258,7.773714
4.876909,16.639886,10.556123
1.354920,10.662866,7.307968
7.790192,15.671980,9.701872
8.761859,7.372265,7.470847
8.945462,11.014168,8.418139
13.601134,4.829855,17.513259
1.562646,13.408487,4.160311
4.437357,13.488252,9.487226
11.852914,12.680897,6.277568
0.459800,6.701201,9.321726
13.819934,6.975554,7.053120
12.581990,15.390029,21.158067
1.633619,7.780403,12.958160
4.400362,7.588802,11.629114
0.761662,9.866079,12.284065
0.693356,10.517238,9.209476
-1.304955,7.751012,5.825609
1.480375,4.554558,13.570981
-0.269988,9.405265,14.586201
-7.609552,10.415466,16.966075
-0.264232,7.352822,4.692793
4.585102,4.491687,16.109097
-6.140351,8.183406,4.174420
2.174204,6.303423,16.371550
4.024104,1.665968,11.252659
0.104164,13.798970,6.250220
-7.024500,-2.949614,5.310662
3.658036,6.400294,15.455030
0.018560,-0.169122,5.200121
6.255911,6.073003,10.696051
1.859342,5.944313,15.003085
-9.951869,-1.212815,1.198354
4.547351,5.248992,16.786929
3.167758,5.002727,7.407625
2.143710,13.675151,7.551472
-6.467865,4.762277,7.400256
-7.138838,-2.815745,15.792682
11.002213,12.023466,11.319935
-4.224365,8.727347,8.492408
-5.652507,-1.449657,8.816931
2.733755,7.787164,9.637650
-2.811664,1.550720,8.096971
2.618892,8.695583,12.729891
0.015902,4.299474,4.777460
2.107730,1.392138,13.451343
4.028664,7.804922,16.652615
-0.697517,2.812336,1.863460
-1.171357,10.898788,16.211766
5.332374,5.994380,12.288115
3.505514,12.431264,10.868671
-6.450969,6.020955,13.699953
4.073722,7.755382,6.124089
5.118060,14.078013,7.924020
0.892964,5.784976,8.428316
13.042466,1.511796,13.618032
4.898196,5.909650,4.317501
1.517110,11.679666,7.348372
8.297157,14.647817,5.124543
1.425432,6.208382,13.223398
2.947068,6.673974,13.043413
8.613971,12.448668,8.460668
-6.309399,0.748107,14.434384
-2.216228,11.133363,4.490658
-0.766442,9.101180,11.604634
-2.962972,13.469763,12.237324
3.767522,-0.474291,10.152365
-0.200984,0.133198,3.349579
3.913787,6.200715,5.821762
-7.856388,9.255655,4.942234
2.771717,1.524191,12.163737
-4.810421,11.423604,5.474509
2.150237,13.005703,17.857682
5.829519,7.444082,8.433413
-5.459241,2.284509,6.084740
-3.550391,0.619535,10.736335
1.152755,4.861360,5.555159
0.923343,9.025759,7.508755
2.162358,5.965447,11.571523
2.891456,6.424633,15.855999
0.093830,4.610782,7.464083
2.097212,15.189678,2.811446
4.779161,16.122195,5.900045
4.968801,5.064323,18.509892
-0.318040,13.634381,6.359478
7.534946,10.260243,23.209142
-8.469232,0.728388,6.410604
3.595837,8.087461,-1.580750
5.746437,5.656437,5.951356
-3.430103,6.862019,12.201344
9.243663,8.492437,12.965434
3.775397,12.230183,11.078679
-2.340409,2.568851,15.796977
-2.574873,3.929529,-3.438748
-1.052486,6.596905,13.923167
2.438361,4.843457,3.669787
-3.808113,3.211201,12.931164
-0.252818,10.163134,6.755425
7.849284,17.979084,6.806880
4.628520,3.437617,3.185371
3.438873,6.736837,15.860488
-3.824026,2.213657,5.440862
5.145817,20.469165,17.499365
-5.914799,-1.712281,11.055867
-3.981033,8.871840,-1.135434
2.953601,6.666811,11.337031
9.594033,1.538938,9.437242
3.432236,10.997383,10.223892
-2.621761,3.970791,6.161369
-2.181349,6.368209,10.925260
-5.131645,-0.381964,12.344110
9.324244,-5.093923,14.581312
7.802803,12.982369,13.716891
10.439791,5.356635,18.049835
-1.383823,7.150792,14.064059
-3.189449,11.357047,3.214001
0.876159,5.133632,4.666159
4.573468,13.830434,13.097965
6.901385,8.728543,10.228315
-2.642771,5.336919,14.712447
-5.449497,9.852443,7.339276
0.571869,0.273249,11.664069
-4.727920,10.136934,15.229710
4.337170,7.776850,7.138222
2.073218,11.345904,13.822754
5.447044,19.011238,13.333696
1.938809,5.809353,15.988669
12.286104,18.506726,8.578946
7.512237,9.002037,9.608383
7.042249,11.283220,14.856744
-3.467497,4.681137,4.918135
9.415316,10.260283,8.560618
-7.613565,5.098218,8.665251
0.108657,6.940389,10.545546
10.115639,1.604795,16.745544
-3.559866,0.983556,0.221453
